0.416333448886871
0.402176940441132
0.401796992619832
0.401871375242869
0.402297409375509
0.403128306070964
0.402399682998657
0.40460143884023
0.405550646781921
0.406591606140137
0.406013794740041
0.406705892086029
0.405831682682037
0.40507120291392
0.405630600452423
0.405350685119629
0.405116120974223
0.405948925018311
0.405569263299306
0.405274860064189
0.404979010423024
0.405616843700409
0.406505846977234
0.419288146495819
0.4042813539505
0.40482402642568
0.404203836123149
0.404005308945974
0.405676404635112
0.404492195447286
0.404214553038279
0.40513916015625
0.406439395745595
0.405939479668935
0.404238486289978
0.405274271965027
0.404971488316854
0.405288946628571
0.405377380053202
0.405113875865936
0.404970808823903
0.405989674727122
0.405607795715332
0.406538152694702
0.406073669592539
0.404413445790609
0.404332466920217
0.40456927617391
0.404172698656718
0.404227646191915
0.423405031363169
0.404703378677368
0.404646253585815
0.403908145427704
0.404333980878194
0.405599462985992
0.404173219203949
0.404602134227753
0.405279886722565
0.403055059909821
0.403083864847819
0.403169635931651
0.403910521666209
0.403011353810628
0.404963000615438
0.434261218706767
0.405173484484355
0.405090582370758
0.40506976445516
0.40845095316569
0.408105500539144
0.409662600358327
0.4073690533638
0.407491286595662
0.408035778999329
0.440207199255625
0.412563387552897
0.413596745332082
0.407394111156464
0.409775825341543
0.407692710558573
0.407595682144165
0.407434713840485
0.407851684093475
0.407034385204315
0.407445748647054
0.407963995138804
0.407744526863098
0.408160722255707
