0.0138375759124756
0.0137055238087972
0.0137814044952393
0.0145058790842692
0.0137035687764486
0.0137784719467163
0.0138853708902995
0.0138402263323466
0.0138317902882894
0.0138295491536458
0.0139304916063944
0.0137885371843974
0.0137733181317647
0.0144447922706604
0.0144805630048116
0.0144299745559692
0.0145968000094096
0.0144752979278564
0.0144699692726135
0.0145426829655965
0.0144660989443461
0.0145996451377869
0.0143445213635763
0.0145236094792684
0.0218817392985026
0.0152769962946574
0.0140515247980754
0.0142120281855265
0.014055069287618
0.0139655788739522
0.0141746362050374
0.0140601833661397
0.0140942096710205
0.014164133866628
0.0140856107076009
0.0140722354253133
0.0141161322593689
0.0140827735265096
0.0141471783320109
0.0141942222913106
0.0145021438598633
0.0142813523610433
0.0140826225280762
0.0140769799550374
0.0140237172444661
0.0141125440597534
0.0142654895782471
0.014106543858846
0.0142654498418172
0.0142425656318665
0.0143494129180908
0.0144079486529032
0.0145496408144633
0.0144664684931437
0.0143759210904439
0.0144517739613851
0.014426330725352
0.0141852577527364
0.0141370733579
0.0140236814816793
0.0139665524164836
0.014184582233429
0.0140987435976664
0.0141195853551229
0.0140625397364299
0.0140959501266479
0.0141208291053772
0.014106285572052
0.0150853435198466
0.014694074789683
0.0145458936691284
0.0141849835713704
0.0144260843594869
0.0145394802093506
0.0142833113670349
0.0144830862681071
0.0142269452412923
0.0142613291740417
0.0144452889760335
0.014245331287384
0.0142575860023499
0.0142431418100993
0.0141739964485168
0.0141111612319946
0.0141900777816772
0.0141862392425537
0.0143431146939596
0.0146605094273885
0.014751144250234
0.0146735270818075
